trajstreps = 100, iterations = 10000
kldiv=
6.585766640480061, 6.233282908598255, 25.186599970821526, 17.823632591006945, 3.072262193044214, 11.450465998848749, 5.448704571477701, 3.552669033283462, 4.07101772532133, 4.004402700000125, 7.613847077418291, 3.541553363099472, 3.891847298969009, 2.906630479063787, 9.406995519663276, 46.970904448154485, 3.369309564565329, 14.987067402969352, 1.9503393797623678, 3.589267771958565, 16.57035177751495, 2.7229230200283174, 5.356766012761536, 9.067862345576465, 4.0767970607336075, 0.8288078725789826, 2.8216746723453086, 8.051191677998371, 0.8511993782576539, 6.7236417209477715, 11.65777428053891, 6.040158357733089, 1.7803756895372702, 3.075618505844016, 2.802906103349787, 14.793742810677404, 6.541142848488331, 1.55027530442557, 44.1359835073146, 11.790156186481212, 5.732288488800262, 4.105333658336835, 24.597066661124718, 2.4635011900193957, 2.717104394487595, 24.888788920417998, 35.906812328919834, 12.984978021813966, 3.536666933221158, 1.2004013031945042, 16.873727111372222, 5.858221494439523, 1.6697679681391069, 18.166759484361684, 6.14322360769855, 2.3546844294808835, 5.377716716260477, 1.1287182687685329, 1.0698979651796918, 42.8349813498686, 3.557901401036819, 3.705265237766143, 3.737766589598597, 7.062759879391063, 1.167749211854467, 0.4623272287746789, 4.227962643685706, 5.753585059759622, 2.820134577089309, 15.721733245559474, 1.3328402258618735, 12.182571906931091, 13.373281582249758, 14.28529661518433, 5.641395394200571, 2.3470843138431405, 19.03220823950096, 3.5598056696313956, 20.647778554840933, 1.4496017242557002, 3.8858520730806845, 16.20563804979215, 2.316084199864883, 6.203360138528937, 8.554008197279979, 5.8810154264521515, 15.412851422058916, 4.532048302467218, 1.3429287817848143, 12.723938169272866, 2.723907245663488, 0.4243059125120068, 1.1425293916050456, 1.00899893631125, 5.797364078453176, 5.69621582134649, 13.510070463030385, 4.842434413390878, 1.4907910503621915

iterationforplot=
100, 200, 300, 400, 500, 600, 700, 800, 900, 1000, 1100, 1200, 1300, 1400, 1500, 1600, 1700, 1800, 1900, 2000, 2100, 2200, 2300, 2400, 2500, 2600, 2700, 2800, 2900, 3000, 3100, 3200, 3300, 3400, 3500, 3600, 3700, 3800, 3900, 4000, 4100, 4200, 4300, 4400, 4500, 4600, 4700, 4800, 4900, 5000, 5100, 5200, 5300, 5400, 5500, 5600, 5700, 5800, 5900, 6000, 6100, 6200, 6300, 6400, 6500, 6600, 6700, 6800, 6900, 7000, 7100, 7200, 7300, 7400, 7500, 7600, 7700, 7800, 7900, 8000, 8100, 8200, 8300, 8400, 8500, 8600, 8700, 8800, 8900, 9000, 9100, 9200, 9300, 9400, 9500, 9600, 9700, 9800, 9900


trajsteps = 100, iterations = 100000 related figs: figure_1.png, figure_1-1.png 
kldiv=
0.7661258865518736, 1.1649191699253874, 6.579662458957251, 5.576104146964721, 3.02951362969233, 5.447652496546911, 17.82459471590115, 4.902820461970025, 2.9992897142948185, 3.8104480170428268, 5.152728136805832, 20.125612829053097, 6.600442533472379, 17.428840633937455, 2.7065987037224435, 1.7609584057269423, 8.123156006053112, 2.03739326003506, 16.87548688621341, 2.308963537578193, 2.1152136179107175, 7.449683340158481, 5.50109168139503, 2.9104456954377684, 2.5429157282623795, 0.6207885825484905, 0.6944437916282018, 9.138804477334528, 1.6863995927825728, 11.30478416241392, 1.063151419221778, 1.517493776993142, 1.29746140717439, 3.766901691027566, 4.186130528106465, 28.533680413967936, 6.8624077051925605, 0.42761108663450553, 22.233644004493993, 6.713619365583938, 3.1353268531666796, 3.5558807904715524, 0.5050486429077976, 8.233578607339764, 7.677022773684809, 0.985701717188854, 7.282831166207503, 3.9109681314880778, 0.9915319961317369, 8.509561685842979, 2.452453031822663, 1.903632667012003, 6.683093147440362, 2.25532319397244, 29.626754065547964, 10.54214068535815, 10.618931778344939, 59.796818167786356, 8.179895709792278, 2.8947621214474974, 4.7884589523186545, 27.176362341210954, 12.198352914733878, 2.110939351105206, 0.8718150022266965, 23.115417131260752, 2.1252981493269196, 5.073315118860342, 2.9076570890924582, 2.6290588888992916, 1.1868567708569246, 17.80270615876092, 6.0362623040622765, 12.58776582978469, 11.564089540043774, 6.461616840245118, 5.630442318224119, 4.0044756009615305, 4.608093223030737, 4.017912080706136, 11.072456213529534, 4.749463041282196, 0.6142215796335201, 2.850369907278417, 7.581246997783616, 12.983802180221744, 8.98716661787158, 2.737937833807387, 2.5648175487960865, 11.526384051300617, 10.420680218869782, 19.312304569479657, 4.246707052015361, 14.186509276211495, 2.407952535053928, 1.8253782790567392, 5.407089289704831, 41.079098897415186, 5.707279192572297, 17.031155697030226, 4.466077034865085, 25.764336503746446, 12.880133022710671, 16.418599137597997, 1.3184635188182299, 2.3082184768291203, 12.612816445808148, 64.42020497844311, 9.36250343831478, 6.349011790831271, 27.748315802815625, 1.7499869919455933, 15.203238500276493, 15.262977133057005, 6.537923126211373, 19.44609417376917, 2.076577569512494, 17.864438609400217, 4.65928529557939, 12.98774111618647, 23.705678597126155, 2.704205100500447, 6.487929944913189, 10.461887019309003, 20.330251018749156, 6.542232875346079, 8.293687018396236, 8.697942064032416, 5.038289758518635, 3.883007943289842, 2.8745241263918295, 1.6428892847441774, 10.744248533871378, 16.987127017756638, 5.781922325474648, 4.118980251268004, 2.4070099731662564, 15.002749995414957, 7.360160461691305, 3.6693196173094984, 3.6145625212322, 8.199481285951931, 4.075478773869591, 1.5088077750540927, 12.595760655366758, 5.5347338313691115, 4.470767207781922, 6.869207185463823, 7.564372202431082, 10.082180415648525, 1.595713280799771, 8.551298272614883, 10.695931374427548, 8.052065260574311, 15.75230551774217, 6.648405999211047, 20.31357198555332, 5.775699063270645, 6.171192183134942, 3.0715886863619817, 11.083268196888072, 7.338071215057506, 7.821557894583231, 0.7882062329196895, 10.885389171293369, 9.37778702292983, 2.0882457331020046, 1.6620558392903078, 6.840735431277643, 6.811041469889117, 8.120919061040787, 2.130222221796658, 1.1622295550127038, 0.20068774765231157, 4.339436362230989, 1.2561298593963932, 7.966654979758152, 1.983337826487941, 1.3966678775223054, 22.06615316871967, 16.620754671920892, 6.784171658801693, 5.673691491778106, 4.495617772787352, 0.4743626888274609, 0.5041611358894869, 4.294905922109482, 5.548666487359743, 3.7903298945023103, 26.060678501418863, 1.195031528142081, 8.750093875255534, 7.4951524009317305, 3.8370978555394615, 5.447351582160947, 1.9934692870353876, 6.003488256704722, 3.230763539759078, 40.467836362184975, 0.8051456119999221, 20.24203053442171, 4.964990822090501, 1.7171102193870056, 20.80123099810018, 7.968418829178315, 6.075094027890088, 5.796517165162094, 8.46777948813186, 24.469385422933343, 3.551966546144154, 1.9124394762873698, 16.00915877266194, 2.210486398129637, 0.9445959052922193, 7.893776971013317, 7.428295554701851, 0.31668720959390284, 3.195876730959872, 2.1227715852010336, 1.618357255245404, 0.9485336041354451, 7.024461198940104, 6.676219975716414, 6.701175904605854, 5.951169314783205, 7.028454791958021, 2.650421593699803, 3.5047554552703786, 28.338077043893797, 5.046421639632976, 2.0352461686528986, 19.215494878045888, 2.253005308452586, 4.395005471503161, 0.9907270383313289, 2.342740927883113, 30.218402063655354, 5.016242961093076, 15.719520376693987, 6.679169510342457, 2.0103888496965494, 1.8242109544557412, 0.8153291596102079, 1.5912218654580421, 5.9916281696088625, 0.995795921960138, 2.9224569295204033, 0.915293844187489, 1.656968922875953, 4.649305664049626, 27.4211427090303, 7.215340320978435, 9.88117128907392, 7.332677638882571, 11.094719729511342, 9.42798344972202, 1.5642060432879652, 2.3418988018318583, 6.138235145817287, 4.872458457483671, 4.673585011537722, 2.639857380705864, 3.0815302192295575, 27.93689944977627, 18.367618914090126, 3.449088467562536, 5.401348911809105, 1.7565052522361706, 4.334698543849127, 26.709824548673467, 4.796196411559573, 15.941072554067464, 3.2680684103669506, 7.009958795677617, 3.761875152757836, 2.6306496521185307, 1.7711731030507203, 1.0483284020243417, 3.9887325485366034, 6.725742458894201, 5.27564502646997, 24.792665458246354, 3.3903737732038532, 4.73618664164627, 9.84380602591889, 2.8981709230480828, 9.35284436533399, 4.424621943319676, 21.589044618897887, 5.302623360344676, 10.558639123575519, 5.280216856556273, 3.06258053762868, 7.087152806597633, 8.186015104845918, 1.8622309050449124, 2.3222808025984927, 6.324409432314507, 9.114678082492956, 3.155149078419701, 0.5339859772176686, 2.768582170895261, 1.5503696259611848, 10.465448342252664, 34.62382239569803, 2.344134870224025, 15.529619327037718, 6.573146029129325, 3.147189257576837, 0.8518424108372673, 8.567940347512103, 1.87295317376174, 18.499743069095302, 11.698893817915497, 5.72697502240006, 1.1665678295492086, 12.14952458651136, 4.754476942624462, 2.5000357985857757, 40.34780855038295, 17.893731714400126, 3.230458627973774, 3.978730554273616, 0.32153666709436135, 6.393191613201657, 2.2106788190933604, 2.3654614592351333, 6.5460929184384185, 3.6108566121586616, 27.119767833623524, 21.337879095169463, 14.221696632478269, 2.8395202745943173, 5.520262802002705, 0.4942988715305252, 5.869863924823078, 7.194213996541897, 17.857593464321624, 6.209510666459627, 19.237912327993882, 6.931143773171558, 8.014450726484334, 1.9531849732227684, 2.512302193365612, 21.311022124537242, 4.361827356139042, 5.228573625245706, 1.1495936165023806, 3.376889226113696, 3.488757238787434, 0.6345742921808435, 6.529390735515079, 6.290243634283514, 2.5958532953537015, 2.98308764856745, 5.250110062743605, 7.158719304581689, 7.580505667945726, 2.22918403175008, 6.077999920375599, 39.1372917470744, 8.506835057455612, 4.582253786867619, 12.184364136567233, 10.005640089217978, 5.1603256254437255, 1.4894226610266899, 3.031336706659313, 9.84698736288165, 16.521112138224172, 16.151129015255442, 1.8170438895798813, 7.682619244150862, 4.3076443455890505, 4.508480036472172, 3.2750867288885237, 1.3433470377561127, 3.3728838181781464, 46.353251496999, 10.680181025879362, 9.185415532782836, 3.4104881927641593, 2.7649588930596236, 10.675589277329177, 20.311077508751662, 2.675763206414737, 7.773390306637408, 14.342628070843032, 3.2743598919458425, 8.809000492694983, 4.69903783347492, 4.713946054554711, 1.5335509710705, 2.5568918175559427, 5.159960974921928, 0.3875831711579319, 4.993953557093558, 5.463724772787858, 6.868710552350768, 2.640273647112768, 1.1149880512107386, 6.2521559118143575, 15.243098904433603, 21.280240103221804, 2.421314066957448, 3.79023340342781, 4.957737415650055, 4.461585566125542, 25.451359523218773, 3.93930701541403, 2.3868829754740313, 5.835393319733849, 7.3409977477010155, 16.179679950833922, 3.2791251858716475, 1.0482341593829825, 11.6587795488302, 15.413929150660579, 3.810601888027896, 1.8852103295498344, 1.4323617763620025, 28.37365228296995, 29.78781469659868, 18.83656467416331, 16.040294180910603, 2.8980626470196187, 0.39342912750072423, 7.839179379687431, 10.204555007915864, 33.98131820283397, 8.36799683859946, 0.611703480785067, 1.1067772212853804, 4.9966879258702255, 6.8693600139526, 2.550009381690525, 11.605713433075774, 16.88529836771058, 1.9463430155649402, 6.093648770311678, 3.2092481110721938, 3.5564813975498972, 6.320241186421276, 4.600025297433671, 8.886233313816692, 7.311420247979402, 2.193004928669039, 3.5223051377159535, 6.684859888216009, 14.242457679347421, 17.567127612350447, 11.541539463407961, 13.51439431128085, 4.5333202055265716, 8.977176577947358, 6.152590398416994, 1.9463096550482932, 8.612204800770073, 2.926261457253429, 5.363958012410998, 0.8386175855598981, 2.9353359893568354, 2.6314173329670187, 3.195814979844409, 8.419132973293484, 8.31755044173159, 4.442866242563813, 21.807952974953583, 7.63143784811707, 0.17529319509855845, 5.371799494842033, 9.470051070552307, 13.456403221903642, 2.3064478470113965, 6.330420592140626, 1.7613211411026644, 5.433448792848033, 2.9328512957532213, 7.0248869894673085, 1.715161456295441, 0.6082062552935917, 10.534403758926873, 3.412018052808896, 31.2472406908645, 5.049241703054026, 16.26278270337952, 5.73756629048768, 12.733940230143883, 10.863984237420363, 15.637240858028427, 4.681159637303196, 20.94272390269823, 4.371733271573756, 2.6198364335767543, 17.094002726071984, 12.791233155384596, 7.579442298687679, 2.1077755298420446, 16.205816934509944, 1.575062664379935, 0.7547900159762453, 13.956884107555293, 1.2087585553355762, 3.6130960825129965, 0.9515612947584366, 6.07617237279985, 3.6245317098281817, 7.749959028217241, 3.8347277738518293, 2.0390337283968334, 5.298288579795141, 4.800555744236431, 2.300733626599869, 0.5195835656941226, 0.9494570609342841, 3.3476270320159136, 0.5097918751543968, 5.574065352416942, 5.331208530949297, 2.34411403911335, 33.326473792472235, 1.313920434627871, 2.2010755423459014, 9.08227802912335, 2.421766532982256, 5.703086612057543, 3.1139751462219945, 12.91300802787637, 1.740569306068732, 27.89079515657178, 3.7461452997443074, 1.3232450697388634, 8.042918989718784, 6.076259735797153, 5.099267705094368, 7.048348063706025, 5.362541559657463, 6.9785655831078675, 8.573962246705651, 6.5545235959435795, 5.434624223675795, 38.92265032948413, 1.4838113619754973, 1.7062889601116669, 3.4631357253695056, 18.14700992606955, 2.3315771337428215, 5.473059184334502, 4.5133154749881665, 1.4923823383635013, 13.463695546140006, 6.666435235571213, 14.066443702263198, 2.2109031335888334, 0.9671350341316973, 11.427317210443348, 8.47845729625995, 0.6634649773732147, 0.9624712007064777, 2.622168677234921, 4.907340177677211, 4.054032538304048, 3.6568395666139972, 7.48592011456431, 0.14966520344818368, 1.0578971544330296, 3.9132235825366513, 11.153974115541242, 0.6041900528619237, 12.00721232245689, 3.722980815146071, 1.6258246715127085, 5.698373086517838, 2.044783504098958, 4.746357932705626, 7.933304252613445, 16.126858783572334, 6.577080609775736, 9.39692610153782, 24.70647709125538, 5.945009262627774, 1.0524931358715435, 4.729763041485225, 4.821174669367197, 2.5244497513231527, 11.843495165882105, 3.9259255508093744, 1.2988294722835207, 0.5264835175422797, 11.757608179953936, 6.456403716495464, 1.4845129922603801, 7.750803169160643, 8.509990559216622, 11.130843472739997, 27.89379950188624, 1.8017722990046976, 4.010538168631567, 7.641721348621319, 1.2914734608022136, 3.0407436568669954, 6.66249367461946, 2.543984492747718, 7.396771650551432, 3.829875663125147, 1.9247907638986186, 38.33443214833953, 2.4103164930392764, 22.97036955704882, 7.054309494108373, 4.269609424221633, 0.7395624069277127, 1.7768880628841823, 2.3737708780618743, 11.714385005797428, 9.565790873181514, 0.7171713692565873, 7.297492698474718, 2.069793621231823, 1.3995158252900426, 1.7784299927332463, 1.9421290639224493, 5.531087852212059, 23.761474917721213, 4.3422487124498765, 9.609213617972951, 18.035889389953475, 9.438853451664897, 6.586477501347529, 3.5555830707332206, 2.9895818531564657, 0.9411540205759948, 13.292615944311017, 5.929676404709255, 3.462384266868015, 1.3272074792825101, 1.9531699308285768, 1.2742757733032923, 6.376806167605994, 2.386930730103911, 7.427568926882865, 5.949811669990113, 4.687379596118671, 46.380163651582706, 22.097804992077066, 5.32901424441772, 11.262838780122479, 22.099896251284743, 7.82031331398039, 0.6190863053213758, 2.1864985485757185, 3.767713092736881, 7.021372203408522, 14.24717073268047, 1.0454900467819426, 2.0060616155033184, 2.719270427236607, 0.5389588607929281, 4.233248244546023, 6.172501843012097, 4.927155062566287, 0.9990989609759029, 8.121581589824025, 4.236625344748569, 2.6832311145887573, 7.100674976564019, 5.522913573901585, 10.793606984087479, 5.801217141396392, 19.857583592944355, 2.381553409792753, 10.413730612480325, 5.993523108077607, 3.5573498056985517, 12.699692213024193, 4.370322633949643, 1.6951118542047567, 3.2769749583574823, 5.852769013193358, 2.661053043878034, 0.25844077104486063, 1.5304926281071671, 2.367499670459553, 2.103084974924437, 1.8667438213628136, 1.8496665979722136, 15.501817711850386, 9.626345611813734, 5.788627752263993, 3.193297027419491, 1.8072343469169914, 0.8742254405815955, 2.8091309829666598, 6.544140228741837, 12.057423647699466, 13.839233720170018, 27.560166101612115, 2.281220240897206, 8.589448053740396, 1.0331157031853613, 1.2453621832217414, 3.117180528845236, 33.62747262723978, 0.5468245667551943, 23.83186904248246, 10.614421131493952, 9.725368761433664, 1.2467293506734243, 3.1324378145540277, 7.124156588193447, 7.916650927389782, 9.40475597099703, 15.603575708898518, 9.396314389813984, 2.7766616923429854, 2.535364466999058, 6.515428331783761, 13.653046224227037, 39.85346541176831, 4.142359511123967, 7.16491286826696, 6.689961375210851, 3.5440810917072314, 3.442423755931268, 13.139562435389161, 2.1717301640555373, 8.035594840914703, 5.639581056849963, 0.8803481864406295, 4.845960652526013, 2.680516845283116, 2.0564515609069653, 2.0475585273292305, 0.8030841374164763, 0.9281352765774175, 11.186193215698804, 4.753177646293033, 2.033823388064767, 7.632998399671052, 4.475576215444828, 5.094900503148608, 2.7188061778702446, 33.836746163634544, 3.8094549688517274, 2.7388294502650408, 7.193414317115889, 21.607438316437673, 6.190799820748346, 4.423150729648338, 1.8609137589906322, 5.292760257371459, 14.431937803134051, 8.646976223793793, 2.0936127498694574, 1.9374249082237394, 16.569457616930812, 8.208241182065738, 6.8197331181619285, 13.62226553579271, 3.8495339426273087, 0.5153864761440088, 8.755565270493607, 5.980514867704826, 21.951025071176872, 10.114369573822913, 10.873884986506877, 4.118221436263841, 2.2612570142217914, 4.385083590822434, 4.589018815688284, 3.1009803555536313, 6.196863766609169, 2.6477174408184796, 41.437070718975576, 9.027201320993223, 72.81917623850183, 3.6729459661281427, 12.057791045273204, 3.935023113770974, 4.34854449648593, 2.7343383687511915, 4.944505653393785, 4.112492480553356, 8.901984475887478, 8.64098864103851, 4.133968147321844, 14.78679368433759, 9.076154221364412, 4.944101298937812, 7.356277852985368, 3.5643659732499744, 8.444109914375879, 2.956661140469243, 2.923770130756254, 1.196798504214752, 0.4569236340018118, 1.0778383412428543, 1.456080263802785, 4.882442204788505, 11.784643330461194, 21.2745313377903, 7.35972474632511, 6.403420519661022, 15.564443242483454, 6.599543211099836, 2.9470145904693226, 32.454416529417365, 2.327896029871101, 1.0884116774460968, 15.969350013923632, 13.216108485918646, 10.08384897857397, 6.837909338716055, 25.019291869153136, 2.7660057677410137, 2.246624661949105, 2.6897039771688744, 2.255206688942124, 9.707204617306257, 10.846379302187747, 4.255798874889962, 10.855461510198483, 2.1555918649804227, 9.52718025076642, 1.9114746870848698, 3.4663136500486686, 1.4160814412536529, 1.9071860701737244, 4.428580758690211, 8.288548953007306, 6.421852398126237, 4.660223993501508, 8.169224593028463, 2.605238203633757, 6.1273355886653444, 5.003872227980724, 13.698191282719378, 5.781435451065862, 6.050498702079068, 15.524542179907742, 4.8016028633086645, 0.7105899667252036, 20.65729214829333, 0.8799846282886337, 1.81313858138919, 4.876967986585948, 1.5726137107550944, 11.308214196501925, 2.8744166786917327, 20.692819818185537, 6.798391386022631, 5.725284432226388, 4.770696457135331, 8.955224353770538, 10.750377716028133, 2.6054144917380206, 6.8682237306256475, 5.496401274774412, 1.6567162530137851, 20.569837791685263, 1.8669398008121196, 15.989927497821249, 15.214901134199732, 8.637614671569395, 4.405115992722003, 2.166680438415619, 11.039569207047718, 13.438542454045658, 7.263563464176793, 10.89638390137898, 21.666575189467295, 14.539462211248267, 1.3336208107203413, 5.509387433563987, 13.625675863993706, 2.3327755459366992, 18.172804038441825, 0.7105971063637961, 20.142396080610464, 7.91195791696969, 1.6153392627973104, 5.555126790866095, 14.410266264753545, 2.422688497004966, 7.421806205434715, 8.246919969387937, 5.847954022193372, 9.760210759956795, 4.076785139833927, 1.1809143755599667, 13.579425467149104, 14.19936994238342, 5.899932393202946, 13.381071496882658, 2.621554190656711, 7.35039989452179, 3.4921773308708373, 4.775803897488695, 10.075389671759513, 53.01734163907898, 1.9132033298368576, 5.556835486451375, 13.616753883949672, 1.9583885417914937, 6.449687008029136, 16.31613254987837, 7.9123669475808365, 4.8220161273759015, 3.6721833774108372, 6.241078096051103, 8.12698669063954, 4.632007118257886, 21.535032437154022, 7.032182551097941, 1.9918701572222264, 27.33254112035618, 28.296358631282665, 2.0723017615534034, 5.434713384222146, 15.55566653628801, 1.470843371174877, 22.714452348758755, 3.2567694887358956, 8.761468995786442, 8.139336389690909, 3.2776966367475064, 11.598140106492922, 16.84327445853984, 7.586201281502309, 3.198900815715017, 7.655437151445226, 6.024630687360778, 3.5501005501217753, 8.221647335575344, 25.19713821839207, 0.950086458078399, 2.9058359609701414, 79.00680753293045, 6.152308846355363, 12.172998650082254, 6.827740407433518, 5.091200710806186, 14.220142188234743, 91.60244399655564, 5.418187252658148, 12.013771530378978, 18.086690256928087, 2.126901743078835, 2.3604207293780544, 21.369483535214368, 1.3670889399088684, 3.8192763163797405, 4.487907743316651, 7.023824128753835, 4.858029159673269, 6.715258229721484, 3.6126860661440587, 0.8486021046555069, 10.015176526151576, 4.050102919553279, 5.472272845197386, 15.172770032057427, 1.8926921201363487, 9.00921567630476, 4.405099410693264, 0.24889346685445812, 9.32564968580769, 9.354267223541857, 4.759496675721932, 10.217499025919027, 7.167561649470439, 14.276420903531232, 26.991425885217044, 13.048351312704796, 22.427197542628427, 2.1141722476212714, 8.013139473424907, 1.2890594773304245, 10.162578455530578, 22.191448932630287, 14.842029151437234, 2.894098457236895, 14.346375591135129, 4.176028491900461, 31.624422469560237, 2.4260128955591624, 1.5569907889603176, 2.7255075865242353, 36.12185495964816, 2.3264021948936486, 1.211021563964991, 1.3528178183274315, 10.474749613860764, 51.53267305931863, 6.592102654700142, 7.612674811618426, 6.188605114429559, 14.11912057799308, 4.28206036906219

iterationforplot=
100, 200, 300, 400, 500, 600, 700, 800, 900, 1000, 1100, 1200, 1300, 1400, 1500, 1600, 1700, 1800, 1900, 2000, 2100, 2200, 2300, 2400, 2500, 2600, 2700, 2800, 2900, 3000, 3100, 3200, 3300, 3400, 3500, 3600, 3700, 3800, 3900, 4000, 4100, 4200, 4300, 4400, 4500, 4600, 4700, 4800, 4900, 5000, 5100, 5200, 5300, 5400, 5500, 5600, 5700, 5800, 5900, 6000, 6100, 6200, 6300, 6400, 6500, 6600, 6700, 6800, 6900, 7000, 7100, 7200, 7300, 7400, 7500, 7600, 7700, 7800, 7900, 8000, 8100, 8200, 8300, 8400, 8500, 8600, 8700, 8800, 8900, 9000, 9100, 9200, 9300, 9400, 9500, 9600, 9700, 9800, 9900, 10000, 10100, 10200, 10300, 10400, 10500, 10600, 10700, 10800, 10900, 11000, 11100, 11200, 11300, 11400, 11500, 11600, 11700, 11800, 11900, 12000, 12100, 12200, 12300, 12400, 12500, 12600, 12700, 12800, 12900, 13000, 13100, 13200, 13300, 13400, 13500, 13600, 13700, 13800, 13900, 14000, 14100, 14200, 14300, 14400, 14500, 14600, 14700, 14800, 14900, 15000, 15100, 15200, 15300, 15400, 15500, 15600, 15700, 15800, 15900, 16000, 16100, 16200, 16300, 16400, 16500, 16600, 16700, 16800, 16900, 17000, 17100, 17200, 17300, 17400, 17500, 17600, 17700, 17800, 17900, 18000, 18100, 18200, 18300, 18400, 18500, 18600, 18700, 18800, 18900, 19000, 19100, 19200, 19300, 19400, 19500, 19600, 19700, 19800, 19900, 20000, 20100, 20200, 20300, 20400, 20500, 20600, 20700, 20800, 20900, 21000, 21100, 21200, 21300, 21400, 21500, 21600, 21700, 21800, 21900, 22000, 22100, 22200, 22300, 22400, 22500, 22600, 22700, 22800, 22900, 23000, 23100, 23200, 23300, 23400, 23500, 23600, 23700, 23800, 23900, 24000, 24100, 24200, 24300, 24400, 24500, 24600, 24700, 24800, 24900, 25000, 25100, 25200, 25300, 25400, 25500, 25600, 25700, 25800, 25900, 26000, 26100, 26200, 26300, 26400, 26500, 26600, 26700, 26800, 26900, 27000, 27100, 27200, 27300, 27400, 27500, 27600, 27700, 27800, 27900, 28000, 28100, 28200, 28300, 28400, 28500, 28600, 28700, 28800, 28900, 29000, 29100, 29200, 29300, 29400, 29500, 29600, 29700, 29800, 29900, 30000, 30100, 30200, 30300, 30400, 30500, 30600, 30700, 30800, 30900, 31000, 31100, 31200, 31300, 31400, 31500, 31600, 31700, 31800, 31900, 32000, 32100, 32200, 32300, 32400, 32500, 32600, 32700, 32800, 32900, 33000, 33100, 33200, 33300, 33400, 33500, 33600, 33700, 33800, 33900, 34000, 34100, 34200, 34300, 34400, 34500, 34600, 34700, 34800, 34900, 35000, 35100, 35200, 35300, 35400, 35500, 35600, 35700, 35800, 35900, 36000, 36100, 36200, 36300, 36400, 36500, 36600, 36700, 36800, 36900, 37000, 37100, 37200, 37300, 37400, 37500, 37600, 37700, 37800, 37900, 38000, 38100, 38200, 38300, 38400, 38500, 38600, 38700, 38800, 38900, 39000, 39100, 39200, 39300, 39400, 39500, 39600, 39700, 39800, 39900, 40000, 40100, 40200, 40300, 40400, 40500, 40600, 40700, 40800, 40900, 41000, 41100, 41200, 41300, 41400, 41500, 41600, 41700, 41800, 41900, 42000, 42100, 42200, 42300, 42400, 42500, 42600, 42700, 42800, 42900, 43000, 43100, 43200, 43300, 43400, 43500, 43600, 43700, 43800, 43900, 44000, 44100, 44200, 44300, 44400, 44500, 44600, 44700, 44800, 44900, 45000, 45100, 45200, 45300, 45400, 45500, 45600, 45700, 45800, 45900, 46000, 46100, 46200, 46300, 46400, 46500, 46600, 46700, 46800, 46900, 47000, 47100, 47200, 47300, 47400, 47500, 47600, 47700, 47800, 47900, 48000, 48100, 48200, 48300, 48400, 48500, 48600, 48700, 48800, 48900, 49000, 49100, 49200, 49300, 49400, 49500, 49600, 49700, 49800, 49900, 50000, 50100, 50200, 50300, 50400, 50500, 50600, 50700, 50800, 50900, 51000, 51100, 51200, 51300, 51400, 51500, 51600, 51700, 51800, 51900, 52000, 52100, 52200, 52300, 52400, 52500, 52600, 52700, 52800, 52900, 53000, 53100, 53200, 53300, 53400, 53500, 53600, 53700, 53800, 53900, 54000, 54100, 54200, 54300, 54400, 54500, 54600, 54700, 54800, 54900, 55000, 55100, 55200, 55300, 55400, 55500, 55600, 55700, 55800, 55900, 56000, 56100, 56200, 56300, 56400, 56500, 56600, 56700, 56800, 56900, 57000, 57100, 57200, 57300, 57400, 57500, 57600, 57700, 57800, 57900, 58000, 58100, 58200, 58300, 58400, 58500, 58600, 58700, 58800, 58900, 59000, 59100, 59200, 59300, 59400, 59500, 59600, 59700, 59800, 59900, 60000, 60100, 60200, 60300, 60400, 60500, 60600, 60700, 60800, 60900, 61000, 61100, 61200, 61300, 61400, 61500, 61600, 61700, 61800, 61900, 62000, 62100, 62200, 62300, 62400, 62500, 62600, 62700, 62800, 62900, 63000, 63100, 63200, 63300, 63400, 63500, 63600, 63700, 63800, 63900, 64000, 64100, 64200, 64300, 64400, 64500, 64600, 64700, 64800, 64900, 65000, 65100, 65200, 65300, 65400, 65500, 65600, 65700, 65800, 65900, 66000, 66100, 66200, 66300, 66400, 66500, 66600, 66700, 66800, 66900, 67000, 67100, 67200, 67300, 67400, 67500, 67600, 67700, 67800, 67900, 68000, 68100, 68200, 68300, 68400, 68500, 68600, 68700, 68800, 68900, 69000, 69100, 69200, 69300, 69400, 69500, 69600, 69700, 69800, 69900, 70000, 70100, 70200, 70300, 70400, 70500, 70600, 70700, 70800, 70900, 71000, 71100, 71200, 71300, 71400, 71500, 71600, 71700, 71800, 71900, 72000, 72100, 72200, 72300, 72400, 72500, 72600, 72700, 72800, 72900, 73000, 73100, 73200, 73300, 73400, 73500, 73600, 73700, 73800, 73900, 74000, 74100, 74200, 74300, 74400, 74500, 74600, 74700, 74800, 74900, 75000, 75100, 75200, 75300, 75400, 75500, 75600, 75700, 75800, 75900, 76000, 76100, 76200, 76300, 76400, 76500, 76600, 76700, 76800, 76900, 77000, 77100, 77200, 77300, 77400, 77500, 77600, 77700, 77800, 77900, 78000, 78100, 78200, 78300, 78400, 78500, 78600, 78700, 78800, 78900, 79000, 79100, 79200, 79300, 79400, 79500, 79600, 79700, 79800, 79900, 80000, 80100, 80200, 80300, 80400, 80500, 80600, 80700, 80800, 80900, 81000, 81100, 81200, 81300, 81400, 81500, 81600, 81700, 81800, 81900, 82000, 82100, 82200, 82300, 82400, 82500, 82600, 82700, 82800, 82900, 83000, 83100, 83200, 83300, 83400, 83500, 83600, 83700, 83800, 83900, 84000, 84100, 84200, 84300, 84400, 84500, 84600, 84700, 84800, 84900, 85000, 85100, 85200, 85300, 85400, 85500, 85600, 85700, 85800, 85900, 86000, 86100, 86200, 86300, 86400, 86500, 86600, 86700, 86800, 86900, 87000, 87100, 87200, 87300, 87400, 87500, 87600, 87700, 87800, 87900, 88000, 88100, 88200, 88300, 88400, 88500, 88600, 88700, 88800, 88900, 89000, 89100, 89200, 89300, 89400, 89500, 89600, 89700, 89800, 89900, 90000, 90100, 90200, 90300, 90400, 90500, 90600, 90700, 90800, 90900, 91000, 91100, 91200, 91300, 91400, 91500, 91600, 91700, 91800, 91900, 92000, 92100, 92200, 92300, 92400, 92500, 92600, 92700, 92800, 92900, 93000, 93100, 93200, 93300, 93400, 93500, 93600, 93700, 93800, 93900, 94000, 94100, 94200, 94300, 94400, 94500, 94600, 94700, 94800, 94900, 95000, 95100, 95200, 95300, 95400, 95500, 95600, 95700, 95800, 95900, 96000, 96100, 96200, 96300, 96400, 96500, 96600, 96700, 96800, 96900, 97000, 97100, 97200, 97300, 97400, 97500, 97600, 97700, 97800, 97900, 98000, 98100, 98200, 98300, 98400, 98500, 98600, 98700, 98800, 98900, 99000, 99100, 99200, 99300, 99400, 99500, 99600, 99700, 99800, 99900



trajsteps = 200, iterations = 100000 related figs: figure_2.png, figure_2-2.png 
kldiv=
1.47689738091331, 3.632346697620636, 3.8466417312441683, 6.017771325516835, 4.390874892820918, 5.833827883950956, 6.292963991675523, 19.90151007672029, 2.2909033887368455, 4.363019919728645, 7.354778508544286, 0.3093180637807321, 8.490609847228907, 33.62810611579605, 6.437715036956742, 6.965666691732008, 37.98679921379582, 3.7208357179222906, 5.932570000926697, 5.246337785722769, 10.562870092162246, 1.414828718135693, 1.5741094747460893, 11.477357535915944, 10.926881618512237, 9.758223004430407, 5.486116773305826, 11.96441136641987, 12.196242233385847, 2.3435874239708347, 39.21889585226521, 7.520186521859957, 4.058382930304075, 14.853510495126425, 19.284377862241932, 15.528288535220026, 9.458047026360777, 13.571456251564594, 1.2294738285745133, 9.974324626908333, 8.227817709426564, 7.560968904761808, 4.290596211508741, 1.0109472732229896, 3.7311184205202634, 10.95388086103482, 8.398355388059525, 13.973762971993335, 2.2939372317151183, 12.083725000439102, 2.9402165371364974, 4.009740643966631, 3.3200377633974223, 5.3398929992899795, 8.35849319725714, 3.5613852373586656, 16.933149735081038, 4.4588093556749175, 6.140874556284796, 1.1502596529883906, 0.5270748835208783, 5.374091417236262, 4.155604060333088, 14.599249364368148, 9.044068272451137, 25.69732286683249, 12.300834464947581, 5.136775907995795, 6.6396482176717, 3.11070646482399, 10.923802589198047, 4.4177826629312555, 16.36048627948944, 3.3158259499205616, 2.9663314401227305, 2.4241945457872625, 3.3702209867052266, 5.50539297142934, 12.835807007010633, 12.11629316692394, 0.6216986533718678, 17.52658064825664, 10.271748486295253, 1.6340335804990826, 1.6084940778822499, 2.7104131471239525, 14.762341355746134, 2.482271567375599, 0.5010368528982001, 5.46549733452655, 10.038329603120772, 10.429430635407844, 1.311365455471674, 25.66964156025157, 9.243599165639912, 10.047332790853801, 1.238257144214624, 0.8281380005862992, 36.73765790789268, 34.053135573136295, 17.101960752685287, 65.4355173401518, 5.639538924091093, 2.7459481211722174, 3.831309622106637, 2.9478075719694474, 3.6996015836939615, 0.274200349216338, 5.331340719870266, 1.2115193384784164, 3.0206838213703135, 5.902106964156189, 8.18493381996151, 11.675179988314287, 13.85532147174405, 7.991159374880118, 3.9565993258462533, 2.4273704427236873, 9.09590361735006, 0.41330313923847606, 19.32628204816887, 9.523480583977246, 28.662030837590606, 9.545462078374669, 11.279799343350424, 4.196921896668428, 9.78524280014606, 6.252272167093995, 4.926923184526003, 7.697916014876446, 4.525259435229322, 6.3460275508372055, 11.920000390823109, 8.958398227517005, 13.02942955788399, 20.304385835429542, 4.103304088829355, 4.5699445590075465, 1.964370019437366, 27.92617142539125, 3.145732325302622, 0.7776919421411752, 4.979981798217329, 4.818142513077291, 1.5783343480743741, 31.982448209865343, 4.149548214378267, 2.7635002811960225, 2.2803324856028597, 2.68539738274388, 18.170962683212444, 4.105326736843555, 2.789860580361822, 27.54179063920331, 16.688514211375214, 6.5393989250366875, 6.200696274319411, 12.79852892221735, 3.6052381288771245, 3.918623128827092, 18.837995768542825, 0.8191622684596855, 6.152141643372785, 8.680737405935544, 2.0278565288179933, 4.085054272100209, 39.6098210186218, 29.255056600445286, 4.509906523087697, 7.983264836319061, 2.199924907534431, 20.782496799450346, 5.284644677369814, 0.8087342010139482, 34.82605182618144, 2.079525569159137, 13.637732334673657, 4.64444614296823, 9.083370155323992, 3.4628903121846277, 2.4903515675120667, 10.686089670247068, 0.45183584079882044, 5.531686045391334, 8.608782883555609, 2.421767979684222, 7.019681787652684, 7.878806201888526, 7.272753108385272, 1.813323237867098, 1.4933221253880826, 10.54010028258081, 1.5403324760359065, 15.868060659371812, 42.240686308768254, 9.947427780146775, 1.7178240824299083, 5.725696971366771, 7.258753839083943, 1.168665992025039, 50.37070583624382, 6.096942543395182, 15.306791655395877, 5.207036208065587, 17.375088389677096, 6.069855037454858, 2.547875084848262, 2.8932739142907096, 3.239070298841102, 5.645943542661652, 1.4724291078093703, 7.696860401239537, 5.974433071322536, 0.8772118016757966, 5.075204544290852, 1.2231640737328018, 6.249228365355042, 16.27975023630388, 3.69943757156916, 4.776859821523619, 8.768951558675088, 13.688368677561934, 0.8312588286854726, 1.6964654672467387, 3.1196310334693456, 3.8238704491842803, 4.608745616474205, 19.334929907137482, 21.105150788300826, 4.766612308337256, 1.722862853444515, 1.530251489262349, 2.819335192763041, 11.41685589892202, 11.370875477708763, 12.899536215725359, 8.485192149583145, 0.5530229726027864, 2.1996762555182388, 7.338748868866007, 0.5950230442781661, 22.857006156350323, 26.65886712928838, 2.1781310363969975, 2.8848154165305573, 1.6150190573554895, 1.1260850823761384, 14.615309074770153, 6.776239257323811, 10.182696657707785, 2.148836073612208, 7.821250213123518, 1.8440150212417388, 7.585727651027377, 3.283603207253919, 0.45134683353812277, 16.786851237004573, 1.3946461071501137, 0.6617401971212145, 2.514038027067847, 3.8884489618907354, 39.60497292011814, 4.491879122837224, 0.14161705299554722, 1.435481165761733, 6.170851788796023, 14.15682769543723, 2.0352929115412137, 9.250380508844005, 2.7794279707177427, 16.071310940488832, 5.516782927825936, 18.94737401698872, 4.355861174031905, 5.682678208175193, 1.7880765761098778, 12.017770635306203, 0.8060631749981217, 7.038390874790641, 2.642379811381363, 5.2567399591735935, 0.7601328986831908, 6.256645127446392, 8.143687434206752, 5.870128899073403, 126.02467835344093, 6.834102722275782, 4.145698001599783, 1.9309195202566305, 1.2078343917709382, 4.435589764959769, 5.042016165610722, 3.975084114460018, 26.345603315402286, 11.06370959454056, 6.4672976735657945, 3.9942256678264996, 13.927934604260086, 5.063890975930885, 1.4966852967006554, 10.431452298338858, 14.264423662007674, 5.2753382177182235, 4.100255331486306, 2.252912626944016, 8.124167688438336, 2.982211700968862, 1.2359892795868623, 2.320418865936312, 9.227871013346073, 54.44815987132447, 5.718960028808311, 5.968352631106074, 23.78492942340635, 13.005376315107085, 5.360181789351813, 6.261321907117297, 1.5055252869810694, 7.235445530457768, 24.165029516636586, 7.737570576432214, 7.8362081632323495, 8.311623301910327, 0.627545072288087, 7.554741629484467, 12.744205018121459, 19.47278169651302, 2.172134774919986, 14.944985177494033, 1.2998758540558764, 10.657160262134568, 5.168418414132757, 12.95566442594197, 5.69193481427895, 3.723235969097165, 7.139185462785539, 8.820402167056535, 3.736572367559813, 10.002628870420928, 2.8276063448879025, 6.365999753402045, 9.989221940444956, 5.1668256292444, 21.13921847222255, 5.924675698272784, 11.694931912708768, 15.566295640280464, 0.9843942761587121, 0.6425920030655262, 5.70431987090598, 28.350561245049374, 2.641599848624672, 1.5597323915051418, 6.774310690476144, 3.4540834741118807, 16.086985268737266, 12.49976152411126, 4.196248579013383, 4.277555463096889, 5.636618727343886, 1.405709409553638, 3.2401716763262023, 53.500967803880016, 4.555748438406283, 8.52901423979079, 2.9265790082122427, 0.5461204460300195, 3.199439364783168, 3.6505849654148173, 4.754405694330996, 18.792586582309873, 10.845335257717036, 2.0485527242908987, 27.41237458132328, 5.315127586422976, 2.6849781715413066, 16.20466333728483, 2.998916016209619, 31.851259479469014, 2.2833752563653307, 4.199297104866162, 1.198230293469123, 22.732952768916306, 4.2024398488922206, 2.55322277203848, 4.540973842432384, 1.4973971400049315, 27.18838480290458, 1.3866737944527676, 22.579799649051445, 0.19767330095638647, 5.162483641258367, 15.76334088340938, 4.699789748430337, 4.145526948049976, 17.859516615542287, 3.273237608095225, 23.491207022357052, 5.492705935799547, 2.0011388587987704, 8.219478273121373, 10.208565122770878, 11.180752200092115, 1.2725116983279325, 4.63124491290652, 28.152182414785088, 10.65385832163859, 2.9220923920072686, 3.405609696833463, 6.77855111102579, 8.156686913270914, 3.569838474191725, 11.792146697566894, 22.897883661822593, 2.433668178190555, 1.824515001825692, 4.637107810830894, 2.4629155136926526, 5.938852504038012, 7.248188402536294, 3.4587909153671244, 23.41190045879275, 2.2377075896146073, 11.594187133315147, 13.298316869785824, 12.734000485672954, 9.652091804014535, 8.633591909425762, 1.6132832862673783, 4.580816374621412, 5.332301944631672, 5.604317008366394, 14.102960709131304, 18.010798924375997, 11.023483394075367, 3.8480231505796563, 3.7638013718539725, 22.481835360950086, 3.93706525124486, 10.022088555032656, 6.156755889904739, 0.7118639224925973, 4.141747923792838, 7.512952620314355, 9.246842271778778, 1.6257453209102195, 10.943889151555654, 1.9140895004349183, 17.319829309748474, 1.789598132828521, 4.348905857498159, 8.292917852939166, 3.769035493172003, 0.9783039416407979, 2.271723483433478, 27.453923580886432, 11.341231443911557, 13.437130216136666, 0.714808081343171, 11.452393649411645, 71.7553823115095, 9.616037003215503, 3.5481813027932674, 1.1719638146946958, 10.364802564144117, 11.79019974496998, 12.93273835500769, 1.011395115434051, 6.473374669499794, 0.3652445935395279, 12.605950689482283, 3.0518791651059516, 21.694681961453, 26.196312994476067, 11.596903054182413, 2.5629264278164685, 11.613095089299843, 2.4655934468136973, 8.507427389619767, 3.15763030304237, 5.688954836612201, 2.485530459341853, 3.440601132282822, 5.0916076256365095, 9.261211372569367, 6.412751134635091, 3.8185337713050065, 10.24639791069485, 5.019888718463649, 16.561638600290973, 5.976464078538084, 5.730392780076832, 6.001218090341933, 4.330129851344649, 3.2549688419581915, 2.6613192533567553, 3.346598246344155, 1.123654175690584, 1.9394951411635126, 8.852330708853744, 2.844362885372781, 5.687297304656727, 2.3364616793623116, 9.894477254868404, 4.032746308974299, 0.33487657970606644, 16.261085737312634, 11.053669627508633, 8.542979708009888, 4.647155821860121, 40.065090598281124, 2.633053797862913, 3.020181582800136, 15.454329267990584, 9.865218803949233, 17.36415140006543, 5.746717056109682, 3.1497740695928695, 24.758001353926797, 22.06280775774829, 10.568275986391214, 15.861765172902992, 7.974819040157706, 24.419772174866747, 11.19141733234137, 10.945132472016704, 15.423527514646766, 6.811868537099308, 26.27486485444086, 14.78407948913786, 3.7903508919073294, 0.4808239220275239, 6.741134641829983, 5.555060848558968, 14.001268822141123, 2.9696716038047533, 12.496494970681393, 21.631054230028617, 9.960742178703335, 6.59258783849593, 3.2059365163540456, 2.303039934824209, 2.8939336358250003, 30.875636608991407, 1.4172303454282682, 4.672146609489268, 8.40845362640014, 14.519959075938903, 2.735759824779235, 1.3117364333670416, 1.9116917028645188, 1.0809430446133286, 9.00368117347077, 7.700331239911211, 13.093040323679386, 0.6157691350225442, 1.3390471811830242, 14.990707243859969, 17.502943222111153, 2.034780536348739, 0.925782045782141, 5.738795882910756, 3.977517976332263, 13.49796690106923, 3.232706703804907, 10.129958854309935, 4.277727487979442, 3.39388876152206, 4.958895157087784, 1.79393344267906, 2.141023282363676, 5.201959877123066, 1.562698472158137, 3.1014850409573316, 1.893954401465333, 8.10903191051365, 2.9360591694216644, 3.258879245215537, 2.334201784860834, 15.406038986140896, 3.607379428444594, 5.635210838759733, 2.271192474588921, 9.40111387598639, 5.201562658666023, 2.6148655821162476, 0.7807704565312517, 2.4372569872056555, 1.386889248693429, 1.1783783322472263, 9.290760514508921, 9.147686936857575, 3.350818077051193, 2.5204140284429233, 1.3303499965660488, 1.701801782981978, 11.945642520975339, 0.5130411772006651, 1.7044650900960456, 5.596230104080166, 2.086423766501457, 2.839792886330593, 5.415554218055501, 5.172334009608742, 24.626570225870623, 6.366490586683378, 2.703142311011166, 1.422891717328678, 11.660281071042577, 12.271193582408467, 13.242865127088288, 4.474941307908784, 2.1713290609951543, 0.7576171331473396, 4.88507624608433, 1.6194469972039518, 3.5339838618580064, 3.224133980771476, 3.2763345389736216, 8.68985993657174, 2.388686504280041, 27.747809543430222, 26.64235424311149, 11.021602145030093, 11.552082173955409, 72.32048062653195, 10.272577948271518, 24.802487398984248, 4.832184042352168, 0.6071963722418128, 5.2750953303119985, 3.5497167280743342, 0.6388095583551183, 2.6208901634249435, 1.6889855203201796, 4.229066824912132, 5.285082960619217, 12.353035760436564, 4.653329374643784, 10.680583354336376, 23.52696368883329, 7.153995384167082, 30.050124808135937, 2.6554981970296194, 1.9730200721242266, 6.66672786270753, 7.918803923007578, 3.8175539921493375, 1.2442605788455743, 10.189150693870516, 4.211798435312249, 2.3711665896168084, 13.925993782497029, 4.536864079655225, 3.9740933652770245, 8.034687853043856, 2.6432723965103304, 22.13457424891115, 6.760604230359196, 3.753858066996887, 2.347491361666105, 0.13703867952516535, 8.921551529862787, 6.2201141691237485, 11.428024228409084, 4.907400297589263, 9.527955205731823, 4.779856685168468, 23.540801802866767, 19.661547006697838, 14.32377430003101, 3.2550686071221797, 1.4170764315500715, 1.7746786761743365, 5.863125247004181, 1.3871659980763136, 10.301281566769383, 36.57374472852029, 5.288759494497663, 1.3523444177261268, 19.174412233233987, 1.075797570080049, 3.8967632623877586, 26.323052664475725, 4.199524028126047, 0.6083511570773552, 3.2559187237223695, 72.51356011687557, 7.566677003415314, 10.15755917161437, 0.9250067616083644, 3.5104202374923412, 0.8946211853418391, 2.4936226728703037, 8.846860390309708, 0.8713406164037467, 4.4015371372089405, 4.465627420339648, 31.951832018466824, 11.220200706078337, 28.50610346866208, 10.112995005692907, 12.575795494945073, 8.573753722373345, 4.8817154539482015, 3.305498730996226, 1.5271240238187833, 10.400288421236755, 3.0921147068659125, 4.134002283906997, 4.226200499245017, 37.95297821395219, 2.9268015479601224, 24.133502058626334, 2.97998544990958, 9.988521466692013, 5.9336004776886915, 17.58347924448396, 4.951997198438533, 6.089287481954427, 7.608542007858568, 17.048352186775915, 1.8896433316418642, 3.687903688488566, 15.592953674002686, 6.676146581495657, 1.484970629508628, 1.9873737266266465, 7.046019294240208, 3.5427333005158523, 1.4865800734335362, 5.108246548023796, 1.0536102716127178, 38.041459623036275, 16.737410208203425, 25.229176218048657, 3.3379050476486327, 0.6548835103079182, 0.2963991805329369, 15.694833323207513, 17.218363923350562, 18.602719383287212, 1.081598610003528, 3.767577367901895, 0.8893242987751708, 0.592802924722073, 2.8221865736167215, 2.29749351326626, 2.2686714107809807, 2.114873974033987, 1.4118063300948218, 3.852810082543222, 11.88537045573019, 5.172655020221127, 4.931856628275037, 0.8319396272519122, 14.39016026040353, 3.259016892016257, 6.455349042282168, 0.751089547434032, 2.2902492010466857, 2.4669473707731697, 8.408651329808672, 3.4887719808785196, 9.90055981423863, 10.81412833990463, 2.7890012645407984, 34.15043543159816, 4.031363935658692, 1.23239191087823, 4.108204561504968, 0.2636318898762695, 6.66192798152567, 5.912740331429564, 4.507740559888855, 1.0397753325015249, 8.30210846313443, 11.417111690063276, 54.67309569180732, 1.9202772287592422, 2.9686468940471706, 15.940298708956856, 3.422486848001107, 12.617658448486551, 3.0313601349807504, 1.3140755653011267, 6.554704667691386, 3.7627319430495074, 9.86337880430672, 11.110378742251136, 6.668704339322822, 1.8398339240138442, 2.347280329082099, 13.025338056617098, 17.772160599886725, 2.8203244581567004, 1.471738199425591, 5.039556198614197, 5.360479405282033, 5.640572943455094, 58.52406825641188, 4.008827718300163, 4.491009856589361, 5.778183895882837, 2.8396882975425664, 1.4836559323190244, 2.5554983343817432, 3.06266040149524, 8.360669061951711, 7.108689504531799, 5.782764568379639, 2.845196979731605, 7.5890798257190655, 15.943081356602795, 16.79623388093799, 3.441584676657679, 12.02237344239918, 6.167085534733682, 14.643883469105068, 6.527201894374062, 2.6763718624302495, 2.0682534621680335, 35.56906193478785, 4.008634643590218, 5.63280362683237, 10.783985295344666, 3.75739272892889, 18.075504381177907, 21.51775164310847, 5.830036418792526, 1.579449493395627, 1.0295547583089992, 18.845137163907026, 0.8621562958425286, 5.738113271090919, 1.3449025947412314, 10.98945612593166, 3.9888531214104823, 3.557665978838108, 0.25506768326209595, 2.5332779272485673, 6.492867507643764, 9.872415635520722, 5.621807935201454, 6.102597271881882, 6.625333854480256, 1.9156215077915157, 1.4618004810220278, 8.319857467976266, 15.31937485400798, 2.489490401706085, 22.781581776838543, 12.342512478934115, 5.6654683514495705, 9.416124405937408, 13.711490017526819, 0.6576165132477851, 9.761552102969365, 18.680402802706425, 3.1433035997391965, 37.499278458765055, 5.759038263608105, 2.2445775613348857, 1.453439548983868, 8.658060864356614, 15.368824231019978, 5.3205179079453, 5.942247417701211, 2.115892090676054, 20.54267768392161, 15.659521294945998, 5.048462052415697, 3.7572786046356326, 2.5894692647138555, 6.230511794235937, 14.969316354782562, 9.719886100817288, 1.2669160399875312, 21.5577198466117, 0.9092624158958058, 0.7751647048832618, 0.8896329694517566, 1.5265113127996301, 7.150062293782322, 6.3859907465438885, 2.305074214351017, 5.381847703095749, 8.493334543373809, 1.7446350732830982, 37.08127930569892, 23.31579096183377, 7.2901228259689805, 8.473291128259726, 25.964322083322685, 15.91214901646438, 15.561914192586668, 22.451743596631538, 5.322171077969002, 3.455125886876156, 7.623064738408937, 12.065917832312417, 1.7472863859045842, 20.920023530767903, 3.2816440262335136, 1.7585601180583355, 1.3408599480758747, 0.8281958198915869, 9.159403908409267, 0.9142682443025358, 7.315714152178637, 9.3419694547585, 2.6234101772855087, 30.436283220273758, 9.779625390083883, 7.165681146786181, 4.208829812924911, 3.2500575739600626, 4.706489119847027, 6.121900000710474, 0.7765479056670044, 12.390009735033258, 5.9124844482949115, 7.862454812205355, 29.08803659413058, 2.491424348490561, 4.4771609997845605, 2.5678200279497316, 7.692633918636162, 3.1719020630314905, 2.118632358430795, 12.268802119793632, 9.83511070474924, 3.3106325058617965, 1.144524025463912, 3.5919714477206766, 5.965117464475238, 3.256973187702026, 3.6692686619449515, 0.7420720853561495, 5.209306843754938, 11.39245760403796, 2.082911743657937, 3.8727529157492206, 15.10833826064219, 3.251173788273836, 47.917505020908045, 8.048224394349816, 2.9589283511149205, 7.629408788556149, 9.728786675457538, 1.1889285302384964, 14.260787818792886, 1.8242363023704313, 4.452706055306189, 13.804749205563668, 7.971818418724926, 44.615235321048615, 2.327331767008506, 1.1484566858762042, 5.709823687015972, 11.199502616577291, 10.563158853935374, 6.308791009336947, 3.794908177389022, 1.6910103955877829, 4.278261710961237, 10.250937254866198, 0.9175606673122662, 25.748134473209536, 3.6601750387619507, 22.217609051365642, 19.456187614229812, 2.388621314296132, 5.772406078891059, 1.813804177079683, 8.28921465435724, 0.41090302629722153, 8.66234058792971, 15.338902372164355, 8.847996019825041, 11.618221852185098, 3.686052486799016, 6.145621133607127, 6.357905206803284, 3.3481919042635377, 6.130489082188255, 4.541083477413261, 3.987130178518128, 8.102233928020127, 11.462459933579387, 2.5855389817356595, 1.8454611383518902, 4.581432033438586, 4.31492039405185, 3.1516233398073883, 0.8012205989658999, 17.341099424343305, 3.6351832979074366, 34.60016634278166

iterationforplot= 
100, 200, 300, 400, 500, 600, 700, 800, 900, 1000, 1100, 1200, 1300, 1400, 1500, 1600, 1700, 1800, 1900, 2000, 2100, 2200, 2300, 2400, 2500, 2600, 2700, 2800, 2900, 3000, 3100, 3200, 3300, 3400, 3500, 3600, 3700, 3800, 3900, 4000, 4100, 4200, 4300, 4400, 4500, 4600, 4700, 4800, 4900, 5000, 5100, 5200, 5300, 5400, 5500, 5600, 5700, 5800, 5900, 6000, 6100, 6200, 6300, 6400, 6500, 6600, 6700, 6800, 6900, 7000, 7100, 7200, 7300, 7400, 7500, 7600, 7700, 7800, 7900, 8000, 8100, 8200, 8300, 8400, 8500, 8600, 8700, 8800, 8900, 9000, 9100, 9200, 9300, 9400, 9500, 9600, 9700, 9800, 9900, 10000, 10100, 10200, 10300, 10400, 10500, 10600, 10700, 10800, 10900, 11000, 11100, 11200, 11300, 11400, 11500, 11600, 11700, 11800, 11900, 12000, 12100, 12200, 12300, 12400, 12500, 12600, 12700, 12800, 12900, 13000, 13100, 13200, 13300, 13400, 13500, 13600, 13700, 13800, 13900, 14000, 14100, 14200, 14300, 14400, 14500, 14600, 14700, 14800, 14900, 15000, 15100, 15200, 15300, 15400, 15500, 15600, 15700, 15800, 15900, 16000, 16100, 16200, 16300, 16400, 16500, 16600, 16700, 16800, 16900, 17000, 17100, 17200, 17300, 17400, 17500, 17600, 17700, 17800, 17900, 18000, 18100, 18200, 18300, 18400, 18500, 18600, 18700, 18800, 18900, 19000, 19100, 19200, 19300, 19400, 19500, 19600, 19700, 19800, 19900, 20000, 20100, 20200, 20300, 20400, 20500, 20600, 20700, 20800, 20900, 21000, 21100, 21200, 21300, 21400, 21500, 21600, 21700, 21800, 21900, 22000, 22100, 22200, 22300, 22400, 22500, 22600, 22700, 22800, 22900, 23000, 23100, 23200, 23300, 23400, 23500, 23600, 23700, 23800, 23900, 24000, 24100, 24200, 24300, 24400, 24500, 24600, 24700, 24800, 24900, 25000, 25100, 25200, 25300, 25400, 25500, 25600, 25700, 25800, 25900, 26000, 26100, 26200, 26300, 26400, 26500, 26600, 26700, 26800, 26900, 27000, 27100, 27200, 27300, 27400, 27500, 27600, 27700, 27800, 27900, 28000, 28100, 28200, 28300, 28400, 28500, 28600, 28700, 28800, 28900, 29000, 29100, 29200, 29300, 29400, 29500, 29600, 29700, 29800, 29900, 30000, 30100, 30200, 30300, 30400, 30500, 30600, 30700, 30800, 30900, 31000, 31100, 31200, 31300, 31400, 31500, 31600, 31700, 31800, 31900, 32000, 32100, 32200, 32300, 32400, 32500, 32600, 32700, 32800, 32900, 33000, 33100, 33200, 33300, 33400, 33500, 33600, 33700, 33800, 33900, 34000, 34100, 34200, 34300, 34400, 34500, 34600, 34700, 34800, 34900, 35000, 35100, 35200, 35300, 35400, 35500, 35600, 35700, 35800, 35900, 36000, 36100, 36200, 36300, 36400, 36500, 36600, 36700, 36800, 36900, 37000, 37100, 37200, 37300, 37400, 37500, 37600, 37700, 37800, 37900, 38000, 38100, 38200, 38300, 38400, 38500, 38600, 38700, 38800, 38900, 39000, 39100, 39200, 39300, 39400, 39500, 39600, 39700, 39800, 39900, 40000, 40100, 40200, 40300, 40400, 40500, 40600, 40700, 40800, 40900, 41000, 41100, 41200, 41300, 41400, 41500, 41600, 41700, 41800, 41900, 42000, 42100, 42200, 42300, 42400, 42500, 42600, 42700, 42800, 42900, 43000, 43100, 43200, 43300, 43400, 43500, 43600, 43700, 43800, 43900, 44000, 44100, 44200, 44300, 44400, 44500, 44600, 44700, 44800, 44900, 45000, 45100, 45200, 45300, 45400, 45500, 45600, 45700, 45800, 45900, 46000, 46100, 46200, 46300, 46400, 46500, 46600, 46700, 46800, 46900, 47000, 47100, 47200, 47300, 47400, 47500, 47600, 47700, 47800, 47900, 48000, 48100, 48200, 48300, 48400, 48500, 48600, 48700, 48800, 48900, 49000, 49100, 49200, 49300, 49400, 49500, 49600, 49700, 49800, 49900, 50000, 50100, 50200, 50300, 50400, 50500, 50600, 50700, 50800, 50900, 51000, 51100, 51200, 51300, 51400, 51500, 51600, 51700, 51800, 51900, 52000, 52100, 52200, 52300, 52400, 52500, 52600, 52700, 52800, 52900, 53000, 53100, 53200, 53300, 53400, 53500, 53600, 53700, 53800, 53900, 54000, 54100, 54200, 54300, 54400, 54500, 54600, 54700, 54800, 54900, 55000, 55100, 55200, 55300, 55400, 55500, 55600, 55700, 55800, 55900, 56000, 56100, 56200, 56300, 56400, 56500, 56600, 56700, 56800, 56900, 57000, 57100, 57200, 57300, 57400, 57500, 57600, 57700, 57800, 57900, 58000, 58100, 58200, 58300, 58400, 58500, 58600, 58700, 58800, 58900, 59000, 59100, 59200, 59300, 59400, 59500, 59600, 59700, 59800, 59900, 60000, 60100, 60200, 60300, 60400, 60500, 60600, 60700, 60800, 60900, 61000, 61100, 61200, 61300, 61400, 61500, 61600, 61700, 61800, 61900, 62000, 62100, 62200, 62300, 62400, 62500, 62600, 62700, 62800, 62900, 63000, 63100, 63200, 63300, 63400, 63500, 63600, 63700, 63800, 63900, 64000, 64100, 64200, 64300, 64400, 64500, 64600, 64700, 64800, 64900, 65000, 65100, 65200, 65300, 65400, 65500, 65600, 65700, 65800, 65900, 66000, 66100, 66200, 66300, 66400, 66500, 66600, 66700, 66800, 66900, 67000, 67100, 67200, 67300, 67400, 67500, 67600, 67700, 67800, 67900, 68000, 68100, 68200, 68300, 68400, 68500, 68600, 68700, 68800, 68900, 69000, 69100, 69200, 69300, 69400, 69500, 69600, 69700, 69800, 69900, 70000, 70100, 70200, 70300, 70400, 70500, 70600, 70700, 70800, 70900, 71000, 71100, 71200, 71300, 71400, 71500, 71600, 71700, 71800, 71900, 72000, 72100, 72200, 72300, 72400, 72500, 72600, 72700, 72800, 72900, 73000, 73100, 73200, 73300, 73400, 73500, 73600, 73700, 73800, 73900, 74000, 74100, 74200, 74300, 74400, 74500, 74600, 74700, 74800, 74900, 75000, 75100, 75200, 75300, 75400, 75500, 75600, 75700, 75800, 75900, 76000, 76100, 76200, 76300, 76400, 76500, 76600, 76700, 76800, 76900, 77000, 77100, 77200, 77300, 77400, 77500, 77600, 77700, 77800, 77900, 78000, 78100, 78200, 78300, 78400, 78500, 78600, 78700, 78800, 78900, 79000, 79100, 79200, 79300, 79400, 79500, 79600, 79700, 79800, 79900, 80000, 80100, 80200, 80300, 80400, 80500, 80600, 80700, 80800, 80900, 81000, 81100, 81200, 81300, 81400, 81500, 81600, 81700, 81800, 81900, 82000, 82100, 82200, 82300, 82400, 82500, 82600, 82700, 82800, 82900, 83000, 83100, 83200, 83300, 83400, 83500, 83600, 83700, 83800, 83900, 84000, 84100, 84200, 84300, 84400, 84500, 84600, 84700, 84800, 84900, 85000, 85100, 85200, 85300, 85400, 85500, 85600, 85700, 85800, 85900, 86000, 86100, 86200, 86300, 86400, 86500, 86600, 86700, 86800, 86900, 87000, 87100, 87200, 87300, 87400, 87500, 87600, 87700, 87800, 87900, 88000, 88100, 88200, 88300, 88400, 88500, 88600, 88700, 88800, 88900, 89000, 89100, 89200, 89300, 89400, 89500, 89600, 89700, 89800, 89900, 90000, 90100, 90200, 90300, 90400, 90500, 90600, 90700, 90800, 90900, 91000, 91100, 91200, 91300, 91400, 91500, 91600, 91700, 91800, 91900, 92000, 92100, 92200, 92300, 92400, 92500, 92600, 92700, 92800, 92900, 93000, 93100, 93200, 93300, 93400, 93500, 93600, 93700, 93800, 93900, 94000, 94100, 94200, 94300, 94400, 94500, 94600, 94700, 94800, 94900, 95000, 95100, 95200, 95300, 95400, 95500, 95600, 95700, 95800, 95900, 96000, 96100, 96200, 96300, 96400, 96500, 96600, 96700, 96800, 96900, 97000, 97100, 97200, 97300, 97400, 97500, 97600, 97700, 97800, 97900, 98000, 98100, 98200, 98300, 98400, 98500, 98600, 98700, 98800, 98900, 99000, 99100, 99200, 99300, 99400, 99500, 99600, 99700, 99800, 99900

